%YAML:1.0
 
#common parameters
#support: 1 imu 1 cam; 1 imu 2 cam: 2 cam; 
imu: 1
num_of_cam: 2  
 
imu_topic: "/mavros/imu/data"
image0_topic: "/camera/infra1/image_rect_raw"
image1_topic: "/camera/infra2/image_rect_raw"
output_path: "/home/robot/output/"
 
cam0_calib: "left.yaml"
cam1_calib: "right.yaml"
image_width: 640
image_height: 480
   
 
# Extrinsic parameter between IMU and Camera.
estimate_extrinsic: 0    # 0  Have an accurate extrinsic parameters. We will trust the following imu^R_cam, imu^T_cam, don't change it.
                        # 1  Have an initial guess about extrinsic parameters. We will optimize around your initial guess.

# ! 2025-06-03
body_T_cam0: !!opencv-matrix
   rows: 4
   cols: 4
   dt: d
   data: [ -1.6143263443016309e-02, -2.4577924076725172e-02,
       9.9956756684752868e-01, 8.1890256711355816e-02,
       -9.9925128800770580e-01, -3.4757849972095523e-02,
       -1.6992800836200930e-02, 3.0947719134692648e-02,
       3.5160467294261886e-02, -9.9909349788365487e-01,
       -2.3998417161411156e-02, 4.2004443310173063e-02, 0., 0., 0., 1. ]
body_T_cam1: !!opencv-matrix
   rows: 4
   cols: 4
   dt: d
   data: [ -1.4936625991088803e-02, -2.4265719782017896e-02,
       9.9959395358688674e-01, 8.2319548217095376e-02,
       -9.9926397571781378e-01, -3.4964034142446865e-02,
       -1.5780467328771162e-02, -1.5332690655330595e-02,
       3.5332761520024521e-02, -9.9909393510317468e-01,
       -2.3725614921908278e-02, 4.3246994228932301e-02, 0., 0., 0., 1. ]
 
#Multiple thread support
multiple_thread: 1
use_gpu: 1
use_gpu_acc_flow: 1

 
#feature traker paprameters
max_cnt: 60            # max feature number in feature tracking
min_dist: 20            # min distance between two features 
freq: 0               # frequence (Hz) of publish tracking result. At least 10Hz for good estimation. If set 0, the frequence will be same as raw image 
F_threshold: 1.0        # ransac threshold (pixel)
show_track: 0           # publish tracking image as topic
flow_back: 1            # perform forward and backward optical flow to improve feature tracking accuracy
 
#optimization parameters
max_solver_time: 0.01  # max solver itration time (ms), to guarantee real time
max_num_iterations: 8   # max solver itrations, to guarantee real time
keyframe_parallax: 10.0 # keyframe selection threshold (pixel)
 
#imu parameters       The more accurate parameters you provide, the better performance
acc_n: 0.1          # accelerometer measurement noise standard deviation. #0.2   0.04
gyr_n: 0.01         # gyroscope measurement noise standard deviation.     #0.05  0.004
acc_w: 0.001         # accelerometer bias random work noise standard deviation.  #0.002
gyr_w: 0.0001       # gyroscope bias random work noise standard deviation.     #4.0e-5
g_norm: 9.805         # gravity magnitude
 
#unsynchronization parameters
estimate_td: 0                      # online estimate time offset between camera and imu
td: 0.00                             # initial value of time offset. unit: s. readed image clock + td = real image clock (IMU clock)
 
#loop closure parameters
load_previous_pose_graph: 0        # load and reuse previous pose graph; load from 'pose_graph_save_path'
pose_graph_save_path: "/home/robot/output/pose_graph/" # save and load path
save_image: 0                   # save image in pose graph for visualization prupose; you can close this function by setting 0 
